1


[ [[0,1,1],[0,0,1],[-1,0,1],[-1,1,1]], (1,0,0), (0,-1,0), (1,-1,0) ],
( [0,1,0], 180 ),
( [0,1,0], 90),
( [0,1,0], -90),
( [1,0,0], -90),
( [1,0,0], 90)


(0,0,255),
(0,255,0),
(255,0,0),
(255,128,0),
(255,255,0),
(255,255,255)


(0,0,1),
(0,0,-1),
(1,0,0),
(-1,0,0),
(0,1,0),
(0,-1,0)


[[1,4,5],[1,3,5],[1,4,6],[1,3,6]],
[[2,3,5],[2,4,5],[2,3,6],[2,4,6]],
[[3,1,5],[3,2,5],[3,1,6],[3,2,6]],
[[4,2,5],[4,1,5],[4,2,6],[4,1,6]],
[[5,2,4],[5,2,3],[5,1,4],[5,1,3]],
[[6,1,4],[6,1,3],[6,2,4],[6,2,3]]


'b',
'g',
'r',
'o',
'y',
'w'


(0,0,1),
(0,0,-1),
(1,0,0),
(-1,0,0),
(0,1,0),
(0,-1,0)


90,
90,
90,
90,
90,
90


[1, 2, 5, 6, 4, 3],
[1, 2, 6, 5, 3, 4],
[6, 5, 3, 4, 1, 2],
[5, 6, 3, 4, 2, 1],
[3, 4, 2, 1, 5, 6],
[4, 3, 1, 2, 5, 6]