50


[ [[-30.90170,50,42.53254],([0,1,0],72),([0,1,0],144),([0,1,0],216),([0,1,0],288)],
	[[-30.90170,50,42.53254], [-22.36068,50,68.81910], [-50,50,68.81910], [-58.54102,50,42.53254]],
	([0,1,0],72), ([0,1,0],144), ([0,1,0],216), ([0,1,0],288),
	[[-30.90170,50,42.53254], [-22.36068,50,68.81910],  [22.36068,50,68.81910], [30.90170,50,42.53254]],
	([0,1,0],72), ([0,1,0],144), ([0,1,0],216), ([0,1,0],288) ],
([0,0,1], 180),
[ [[-22.36068,22.36068,68.81910],([0,0,1],90),([0,0,1],180),([0,0,1],270)],
	[[-22.36068,22.36068,68.81910], (-27.63932,0,0), (-27.63932,27.63932,0), (0,27.63932,0)],
	([0,0,1],90), ([0,0,1],180), ([0,0,1],270),
	[[-22.36068,22.36068,68.81910], (0,27.63932,0), (44.72136,27.63932,0), (44.72136,0,0)],
	([0,0,1],90), ([0,0,1],180), ([0,0,1],270) ],
([0,1,0],72), ([0,1,0],144), ([0,1,0],216), ([0,1,0],288)


(255,255,0),
(255,255,255),
(0,110,255),
(255,0,0),
(0,255,0),
(148,0,255),
(255,148,0)


(0,1,0),
(0,-1,0),
(0,0,1),
( 0.95105652,  0        ,  0.30901699),
( 0.58778525,  0        , -0.80901699),
(-0.58778525,  0        , -0.80901699),
(-0.95105652,  0        ,  0.30901699)



[[1],[1,3,7],[1,3,4],[1,4,5],[1,5,6],[1,6,7],[1,3],[1,4],[1,5],[1,6],[1,7]],
[[2],[2,3,4],[2,3,7],[2,6,7],[2,5,6],[2,4,5],[2,3],[2,7],[2,6],[2,5],[2,4]],
[[3],[1,3,7],[2,3,7],[2,3,4],[1,3,4],[1,3],[3,7],[2,3],[3,4]],
[[4],[1,3,4],[2,3,4],[2,4,5],[1,4,5],[1,4],[3,4],[2,4],[4,5]],
[[5],[1,4,5],[2,4,5],[2,5,6],[1,5,6],[1,5],[4,5],[2,5],[5,6]],
[[6],[1,5,6],[2,5,6],[2,6,7],[1,6,7],[1,6],[5,6],[2,6],[6,7]],
[[7],[1,6,7],[2,6,7],[2,3,7],[1,3,7],[1,7],[6,7],[2,7],[3,7]]


'1',
'2',
'3',
'4',
'5',
'6',
'7'


(0,1,0),
(0,-1,0),
(0,0,1),
( 0.95105652,  0        ,  0.30901699),
( 0.58778525,  0        , -0.80901699),
(-0.58778525,  0        , -0.80901699),
(-0.95105652,  0        ,  0.30901699)


72,
72,
180,
180,
180,
180,
180


[1, 2, 4, 5, 6, 7, 3],
[1, 2, 7, 3, 4, 5, 6],
[2, 1, 3, 7, 5, 6, 4],
[2, 1, 5, 4, 3, 6, 7],
[2, 1, 3, 6, 5, 4, 7],
[2, 1, 3, 4, 7, 6, 5],
[2, 1, 6, 4, 5, 3, 7]