50


[[ [0,50,50], ([0,0,1],90), ([0,0,1],180), ([0,0,1],270) ],[ [0,50,50], (-50,0,0), (-50,-50,0) ],( [0,0,1], -90 ),( [0,0,1], 90 ),( [0,0,1], 180 )],
( [0,1,0], 180 ),
( [0,1,0], 90),
( [0,1,0], -90),
( [1,0,0], -90),
( [1,0,0], 90)


(0,0,255),
(0,255,0),
(255,0,0),
(255,128,0),
(255,255,0),
(255,255,255)


(0,0,1),
(0,0,-1),
(1,0,0),
(-1,0,0),
(0,1,0),
(0,-1,0)


[ [1,3,6,7], [1,3,6,8], [1,3,5,7], [2,3,6,7], [1,4,6,7] ],
[ [2,4,5,8], [1,4,5,8], [2,3,5,8], [2,4,5,7], [2,4,6,8] ],
[ [1,4,5,7], [1,3,5,7], [1,4,5,8], [1,4,6,7], [2,4,5,7] ],
[ [2,3,6,8], [2,3,5,8], [1,3,6,8], [2,4,6,8], [2,3,6,7] ],
[ [1,3,5,8], [2,3,5,8], [1,4,5,8], [1,3,6,8], [1,3,5,7] ],
[ [2,4,6,7], [2,3,6,7], [1,4,6,7], [2,4,6,8], [2,4,5,7] ]


'1',
'2',
'3',
'4',
'5',
'6',
'7',
'8'


(1,1,1),
(-1,-1,-1),
(-1,1,1),
(1,-1,-1),
(1,1,-1),
(-1,-1,1),
(1,-1,1),
(-1,1,-1)


120,
120,
120,
120,
120,
120,
120,
120


[1, 2, 7, 8, 3, 4, 5, 6],
[1, 2, 5, 6, 7, 8, 3, 4],
[8, 7, 3, 4, 2, 1, 5, 6],
[6, 5, 3, 4, 7, 8, 2, 1],
[4, 3, 7, 8, 5, 6, 2, 1],
[8, 7, 2, 1, 5, 6, 3, 4],
[6, 5, 2, 1, 3, 4, 7, 8],
[4, 3, 5, 6, 2, 1, 7, 8]